9781408855676
9781408855669
9781408855652
9781408855713
9781408855706
9781408855690
9781408855683
9781338099133
9780375826740
9780375846311
9780375840401
9780375826696
9781426314902
9781426314902
9781426311246
9781426310201
9781426307669
9781426306884
9781426305948
9780810993136
9780810994737
9780810970687
9780810983915
9780810984912
9781419702235
9781419717017
9781419723445
9781419705847
9781419711329
9781419711893
9781426316951
9780061944369
9780062267191
9780062111142
9780062572202
9780062401113
9780007355167
9780007355174
9780007355181
9780007462704
9780007478279
9780007562091
9781419725456
9780062086983
9780062387240
9781423113461
51488006992
78073006991
9781338229646
9781426319174
9781426310140
9781426307935
9781472376732
9780756698126
9785001014171
9781474829540
9781465439352
9780786838653
9781423103349
9781423101482
9780142408889
9780547928227
78073006991
9780545823197
9780439841191
9780762409624
539530938
78073001958
45863003959
46363003951
9780448095400
9780689876417
9781338131505
9780439841214
9780545253079
9780143425021
9781338114065
9781861001146
9781402209161
9780141345154
9780545669931
9780545928144
9780810989955
9780810996847
9780786832002